Hans Lee V00847557, Runming Gao V00872823 : ==========


Q2.	 : ==========


GreedyBestFirstTreeSearch:	(cost=7.0, expansions=9)	[1, 1, 1, 1] [0, 1, 0, 1] [1, 1, 0, 1] [0, 1, 0, 0] [1, 1, 1, 0] [0, 0, 1, 0] [1, 0, 1, 0] [0, 0, 0, 0] 

GreedyBestFirstGraphSearch:	(cost=11.0, expansions=15)	[1, 1, 1, 1] [0, 1, 0, 1] [1, 1, 0, 1] [0, 1, 0, 0] [1, 1, 0, 1] [0, 0, 0, 1] [1, 1, 0, 1] [0, 0, 0, 1] [1, 0, 1, 1] [0, 0, 1, 0] [1, 0, 1, 0] [0, 0, 0, 0] 

AstarTreeSearch:	(cost=7.0, expansions=24)	[1, 1, 1, 1] [0, 1, 0, 1] [1, 1, 0, 1] [0, 0, 0, 1] [1, 0, 1, 1] [0, 0, 1, 0] [1, 0, 1, 0] [0, 0, 0, 0] 

AstarGraphSearch:	(cost=7.0, expansions=10)	[1, 1, 1, 1] [0, 1, 0, 1] [1, 1, 0, 1] [0, 1, 0, 0] [1, 1, 1, 0] [0, 0, 1, 0] [1, 0, 1, 0] [0, 0, 0, 0] 

BreadthFirstTreeSearch:		(cost=7.0, expansions=86)	[1, 1, 1, 1] [0, 1, 0, 1] [1, 1, 0, 1] [0, 0, 0, 1] [1, 0, 1, 1] [0, 0, 1, 0] [1, 0, 1, 0] [0, 0, 0, 0] 

BreadthFirstGraphSearch:	(cost=7.0, expansions=105)	[1, 1, 1, 1] [0, 1, 0, 1] [1, 1, 0, 1] [0, 1, 0, 0] [1, 1, 1, 0] [0, 0, 1, 0] [1, 0, 1, 0] [0, 0, 0, 0] 

DepthFirstTreeSearch:	(cost=7.0, expansions=7)	[1, 1, 1, 1] [0, 1, 0, 1] [1, 1, 0, 1] [0, 1, 0, 0] [1, 1, 1, 0] [0, 0, 1, 0] [1, 0, 1, 0] [0, 0, 0, 0] 

DepthFirstGraphSearch:	(cost=23.0, expansions=23)	[1, 1, 1, 1] [0, 1, 0, 1] [1, 1, 1, 1] [0, 1, 0, 1] [1, 1, 1, 1] [0, 1, 0, 1] [1, 1, 1, 1] [0, 1, 0, 1] [1, 1, 1, 1] [0, 1, 0, 1] [1, 1, 1, 1] [0, 1, 0, 1] [1, 1, 0, 1] [0, 1, 0, 0] [1, 1, 1, 0] [0, 0, 1, 0] [1, 0, 1, 1] [0, 0, 0, 1] [1, 0, 1, 1] [0, 0, 1, 0] [1, 1, 1, 0] [0, 0, 1, 0] [1, 0, 1, 0] [0, 0, 0, 0] 

UniformCostTreeSearch:	(cost=7.0, expansions=73)	[1, 1, 1, 1] [0, 1, 0, 1] [1, 1, 0, 1] [0, 0, 0, 1] [1, 0, 1, 1] [0, 0, 1, 0] [1, 0, 1, 0] [0, 0, 0, 0] 

UniformCostGraphSearch:	(cost=7.0, expansions=79)	[1, 1, 1, 1] [0, 1, 0, 1] [1, 1, 0, 1] [0, 1, 0, 0] [1, 1, 1, 0] [0, 0, 1, 0] [1, 0, 1, 0] [0, 0, 0, 0] 

IterativeDeepeningTreeSearch:	(cost=7.0, expansions=19)	[1, 1, 1, 1] [0, 1, 0, 1] [1, 1, 0, 1] [0, 1, 0, 0] [1, 1, 1, 0] [0, 0, 1, 0] [1, 0, 1, 0] [0, 0, 0, 0] 

IterativeDeepeningGraphSearch:	(cost=7.0, expansions=38)	[1, 1, 1, 1] [0, 1, 0, 1] [1, 1, 0, 1] [0, 0, 0, 1] [1, 0, 1, 1] [0, 0, 1, 0] [1, 0, 1, 0] [0, 0, 0, 0] 
