
Q2.	 : ==========


GreedyBestFirstTreeSearch:	(cost=25.0, expansions=48)	[1, 1, 1, 1] [0, 1, 0, 1] [1, 1, 1, 1] [0, 1, 0, 1] [1, 1, 0, 1] [0, 1, 0, 0] [1, 1, 0, 1] [0, 0, 0, 1] [1, 0, 1, 1] [0, 0, 1, 0] [1, 0, 1, 1] [0, 0, 0, 1] [1, 0, 1, 1] [0, 0, 1, 0] [1, 0, 1, 1] [0, 0, 1, 0] [1, 0, 1, 1] [0, 0, 0, 1] [1, 1, 0, 1] [0, 1, 0, 0] [1, 1, 1, 0] [0, 0, 1, 0] [1, 1, 1, 0] [0, 0, 1, 0] [1, 0, 1, 0] [0, 0, 0, 0] 

GreedyBestFirstGraphSearch:	(cost=39.0, expansions=77)	[1, 1, 1, 1] [0, 1, 0, 1] [1, 1, 1, 1] [0, 1, 0, 1] [1, 1, 1, 1] [0, 1, 0, 1] [1, 1, 1, 1] [0, 1, 0, 1] [1, 1, 1, 1] [0, 1, 0, 1] [1, 1, 1, 1] [0, 1, 0, 1] [1, 1, 0, 1] [0, 1, 0, 1] [1, 1, 0, 1] [0, 0, 0, 1] [1, 0, 1, 1] [0, 0, 1, 0] [1, 0, 1, 0] [0, 0, 1, 0] [1, 0, 1, 1] [0, 0, 1, 0] [1, 0, 1, 1] [0, 0, 0, 1] [1, 1, 0, 1] [0, 0, 0, 1] [1, 0, 1, 1] [0, 0, 1, 0] [1, 1, 1, 0] [0, 0, 1, 0] [1, 0, 1, 1] [0, 0, 1, 0] [1, 1, 1, 0] [0, 0, 1, 0] [1, 1, 1, 0] [0, 0, 1, 0] [1, 0, 1, 1] [0, 0, 1, 0] [1, 0, 1, 0] [0, 0, 0, 0] 

AstarTreeSearch:	(cost=7.0, expansions=79)	[1, 1, 1, 1] [0, 1, 0, 1] [1, 1, 0, 1] [0, 1, 0, 0] [1, 1, 1, 0] [0, 0, 1, 0] [1, 0, 1, 0] [0, 0, 0, 0] 

AstarGraphSearch:	(cost=7.0, expansions=106)	[1, 1, 1, 1] [0, 1, 0, 1] [1, 1, 0, 1] [0, 1, 0, 0] [1, 1, 1, 0] [0, 0, 1, 0] [1, 0, 1, 0] [0, 0, 0, 0] 

BreadthFirstTreeSearch:		(cost=7.0, expansions=94)	[1, 1, 1, 1] [0, 1, 0, 1] [1, 1, 0, 1] [0, 1, 0, 0] [1, 1, 1, 0] [0, 0, 1, 0] [1, 0, 1, 0] [0, 0, 0, 0] 

BreadthFirstGraphSearch:	(cost=7.0, expansions=76)	[1, 1, 1, 1] [0, 1, 0, 1] [1, 1, 0, 1] [0, 0, 0, 1] [1, 0, 1, 1] [0, 0, 1, 0] [1, 0, 1, 0] [0, 0, 0, 0] 

DepthFirstTreeSearch:	(cost=59.0, expansions=59)	[1, 1, 1, 1] [0, 1, 0, 1] [1, 1, 1, 1] [0, 1, 0, 1] [1, 1, 0, 1] [0, 1, 0, 0] [1, 1, 1, 0] [0, 1, 0, 0] [1, 1, 0, 1] [0, 1, 0, 0] [1, 1, 1, 0] [0, 0, 1, 0] [1, 1, 1, 0] [0, 1, 0, 0] [1, 1, 0, 1] [0, 1, 0, 0] [1, 1, 1, 0] [0, 1, 0, 0] [1, 1, 0, 1] [0, 0, 0, 1] [1, 1, 0, 1] [0, 1, 0, 1] [1, 1, 1, 1] [0, 1, 0, 1] [1, 1, 0, 1] [0, 1, 0, 0] [1, 1, 0, 1] [0, 1, 0, 1] [1, 1, 1, 1] [0, 1, 0, 1] [1, 1, 1, 1] [0, 1, 0, 1] [1, 1, 1, 1] [0, 1, 0, 1] [1, 1, 1, 1] [0, 1, 0, 1] [1, 1, 0, 1] [0, 1, 0, 0] [1, 1, 1, 0] [0, 1, 0, 0] [1, 1, 1, 0] [0, 1, 0, 0] [1, 1, 0, 1] [0, 1, 0, 0] [1, 1, 1, 0] [0, 1, 0, 0] [1, 1, 1, 0] [0, 1, 0, 0] [1, 1, 0, 1] [0, 1, 0, 0] [1, 1, 1, 0] [0, 0, 1, 0] [1, 0, 1, 1] [0, 0, 0, 1] [1, 1, 0, 1] [0, 1, 0, 0] [1, 1, 1, 0] [0, 0, 1, 0] [1, 0, 1, 0] [0, 0, 0, 0] 

DepthFirstGraphSearch:	(cost=19.0, expansions=19)	[1, 1, 1, 1] [0, 1, 0, 1] [1, 1, 1, 1] [0, 1, 0, 1] [1, 1, 0, 1] [0, 0, 0, 1] [1, 0, 1, 1] [0, 0, 1, 0] [1, 0, 1, 0] [0, 0, 1, 0] [1, 1, 1, 0] [0, 0, 1, 0] [1, 1, 1, 0] [0, 0, 1, 0] [1, 0, 1, 1] [0, 0, 1, 0] [1, 1, 1, 0] [0, 0, 1, 0] [1, 0, 1, 0] [0, 0, 0, 0] 

UniformCostTreeSearch:	(cost=7.0, expansions=101)	[1, 1, 1, 1] [0, 1, 0, 1] [1, 1, 0, 1] [0, 1, 0, 0] [1, 1, 1, 0] [0, 0, 1, 0] [1, 0, 1, 0] [0, 0, 0, 0] 

UniformCostGraphSearch:	(cost=7.0, expansions=120)	[1, 1, 1, 1] [0, 1, 0, 1] [1, 1, 0, 1] [0, 0, 0, 1] [1, 0, 1, 1] [0, 0, 1, 0] [1, 0, 1, 0] [0, 0, 0, 0] 

IterativeDeepeningTreeSearch:	(cost=7.0, expansions=23)	[1, 1, 1, 1] [0, 1, 0, 1] [1, 1, 0, 1] [0, 1, 0, 0] [1, 1, 1, 0] [0, 0, 1, 0] [1, 0, 1, 0] [0, 0, 0, 0] 

IterativeDeepeningGraphSearch:	(cost=7.0, expansions=28)	[1, 1, 1, 1] [0, 1, 0, 1] [1, 1, 0, 1] [0, 0, 0, 1] [1, 0, 1, 1] [0, 0, 1, 0] [1, 0, 1, 0] [0, 0, 0, 0] 
