Hans Lee V00847557, Runming Gao V00872823 : ==========


Q4.	 : ==========


GreedyBestFirstTreeSearch:	(cost=292.0, expansions=91)	[0, 0, 0, 0] [0, 0, 3, 0] [0, 0, 0, 3] [12, 0, 0, 3] [12, 8, 0, 3] [12, 8, 3, 3] [12, 0, 3, 11] [12, 0, 0, 14] [12, 0, 3, 14] [12, 0, 0, 17] [4, 8, 0, 17] [12, 8, 0, 17] [12, 0, 0, 25] [12, 0, 3, 25] [12, 8, 3, 25] [0, 8, 3, 37] [3, 8, 0, 37] [12, 8, 0, 37] [0, 8, 0, 49] [0, 0, 0, 57] [0, 8, 0, 57] [0, 0, 0, 65] [12, 0, 0, 65] [0, 0, 0, 77] [0, 8, 0, 77] [12, 8, 0, 77] [9, 8, 3, 77] [12, 5, 3, 77] [12, 0, 3, 82] [4, 8, 3, 82] [4, 8, 0, 85] [4, 8, 3, 85] [4, 0, 3, 93] [4, 8, 3, 93] [4, 8, 0, 96] [12, 0, 0, 96] [4, 8, 0, 96] [4, 8, 3, 96] [0, 8, 3, 100] [3, 8, 0, 100] [3, 5, 3, 100] [3, 8, 3, 100] [12, 8, 3, 100] [12, 8, 0, 103] [12, 0, 0, 111] [9, 0, 3, 111] [1, 8, 3, 111] 

GreedyBestFirstGraphSearch:	(cost=648.0, expansions=214)	[0, 0, 0, 0] [0, 8, 0, 0] [8, 0, 0, 0] [0, 0, 0, 8] [0, 0, 3, 8] [3, 0, 0, 8] [12, 0, 0, 8] [4, 8, 0, 8] [12, 8, 0, 8] [9, 8, 3, 8] [9, 0, 3, 16] [9, 3, 0, 16] [9, 3, 3, 16] [9, 8, 3, 16] [12, 8, 3, 16] [12, 0, 3, 24] [12, 8, 3, 24] [0, 8, 3, 36] [8, 0, 3, 36] [0, 0, 3, 44] [12, 0, 3, 44] [0, 0, 3, 56] [12, 0, 3, 56] [12, 8, 3, 56] [0, 8, 3, 68] [8, 0, 3, 68] [0, 0, 3, 76] [0, 3, 0, 76] [0, 0, 0, 79] [0, 8, 0, 79] [0, 0, 0, 87] [0, 0, 3, 87] [0, 3, 0, 87] [0, 8, 0, 87] [8, 0, 0, 87] [5, 0, 3, 87] [5, 0, 0, 90] [0, 0, 0, 95] [12, 0, 0, 95] [12, 0, 3, 95] [12, 3, 0, 95] [12, 8, 0, 95] [12, 5, 3, 95] [12, 5, 0, 98] [12, 2, 3, 98] [12, 8, 3, 98] [12, 0, 3, 106] [12, 8, 3, 106] [12, 0, 3, 114] [12, 8, 3, 114] [12, 8, 0, 117] [12, 5, 3, 117] [9, 8, 3, 117] [12, 8, 0, 117] [12, 0, 0, 125] [0, 0, 0, 137] [0, 0, 3, 137] [3, 0, 0, 137] [0, 0, 0, 140] [0, 8, 0, 140] [8, 0, 0, 140] [0, 8, 0, 140] [0, 8, 3, 140] [0, 8, 0, 143] [0, 0, 0, 151] [12, 0, 0, 151] [12, 0, 3, 151] [4, 8, 3, 151] [12, 8, 3, 151] [12, 0, 3, 159] [0, 0, 3, 171] [0, 0, 0, 174] [0, 8, 0, 174] [0, 5, 3, 174] [5, 0, 3, 174] [12, 0, 3, 174] [4, 8, 3, 174] [4, 8, 0, 177] [12, 0, 0, 177] [4, 8, 0, 177] [4, 0, 0, 185] [12, 0, 0, 185] [0, 0, 0, 197] [0, 0, 3, 197] [0, 8, 3, 197] [8, 0, 3, 197] [0, 8, 3, 197] [8, 0, 3, 197] [0, 8, 3, 197] [3, 8, 0, 197] [3, 0, 0, 205] [0, 0, 0, 208] [12, 0, 0, 208] [12, 0, 3, 208] [12, 0, 0, 211] [12, 0, 3, 211] [12, 0, 0, 214] [12, 0, 3, 214] [12, 3, 0, 214] [12, 3, 3, 214] [12, 6, 0, 214] [10, 8, 0, 214] [10, 5, 3, 214] [10, 5, 0, 217] [10, 0, 0, 222] [12, 0, 0, 222] [9, 0, 3, 222] [1, 8, 3, 222] 

AstarTreeSearch:	(cost=17.0, expansions=199)	[0, 0, 0, 0] [0, 0, 3, 0] [0, 3, 0, 0] [0, 3, 3, 0] [0, 6, 0, 0] [0, 6, 3, 0] [0, 8, 1, 0] 

AstarGraphSearch:	(cost=17.0, expansions=193)	[0, 0, 0, 0] [0, 0, 3, 0] [0, 3, 0, 0] [0, 3, 3, 0] [0, 6, 0, 0] [0, 6, 3, 0] [0, 8, 1, 0] 

BreadthFirstTreeSearch:		(cost=23.0, expansions=53)	[0, 0, 0, 0] [12, 0, 0, 0] [4, 8, 0, 0] [1, 8, 3, 0] 

BreadthFirstGraphSearch:	(cost=23.0, expansions=83)	[0, 0, 0, 0] [12, 0, 0, 0] [4, 8, 0, 0] [1, 8, 3, 0] 

DepthFirstTreeSearch:	(cost=851.0, expansions=138)	[0, 0, 0, 0] [12, 0, 0, 0] [12, 0, 3, 0] [12, 3, 0, 0] [7, 8, 0, 0] [7, 5, 3, 0] [7, 8, 0, 0] [4, 8, 3, 0] [7, 8, 0, 0] [7, 0, 0, 8] [7, 8, 0, 8] [12, 8, 0, 8] [9, 8, 3, 8] [12, 5, 3, 8] [12, 0, 3, 13] [0, 0, 3, 25] [0, 0, 0, 28] [0, 0, 3, 28] [0, 3, 0, 28] [0, 0, 3, 28] [0, 8, 3, 28] [0, 0, 3, 36] [0, 3, 0, 36] [3, 0, 0, 36] [0, 3, 0, 36] [0, 8, 0, 36] [8, 0, 0, 36] [12, 0, 0, 36] [0, 0, 0, 48] [0, 8, 0, 48] [0, 8, 3, 48] [0, 8, 0, 51] [8, 0, 0, 51] [8, 0, 3, 51] [0, 0, 3, 59] [3, 0, 0, 59] [12, 0, 0, 59] [12, 0, 3, 59] [0, 0, 3, 71] [0, 3, 0, 71] [3, 0, 0, 71] [12, 0, 0, 71] [12, 0, 3, 71] [0, 0, 3, 83] [0, 0, 0, 86] [0, 0, 3, 86] [0, 0, 0, 89] [12, 0, 0, 89] [12, 8, 0, 89] [9, 8, 3, 89] [9, 0, 3, 97] [0, 0, 3, 106] [12, 0, 3, 106] [12, 8, 3, 106] [12, 8, 0, 109] [12, 5, 3, 109] [12, 8, 0, 109] [12, 0, 0, 117] [12, 8, 0, 117] [12, 5, 3, 117] [12, 8, 3, 117] [0, 8, 3, 129] [0, 0, 3, 137] [3, 0, 0, 137] [0, 3, 0, 137] [0, 3, 3, 137] [0, 3, 0, 140] [0, 0, 0, 143] [0, 8, 0, 143] [12, 8, 0, 143] [9, 8, 3, 143] [9, 0, 3, 151] [9, 3, 0, 151] [4, 8, 0, 151] [0, 8, 0, 155] [0, 5, 3, 155] [3, 5, 0, 155] [8, 0, 0, 155] [0, 0, 0, 163] [0, 8, 0, 163] [12, 8, 0, 163] [12, 0, 0, 171] [12, 8, 0, 171] [12, 5, 3, 171] [0, 5, 3, 183] [3, 5, 0, 183] [3, 2, 3, 183] [12, 2, 3, 183] [12, 5, 0, 183] [12, 8, 0, 183] [12, 8, 3, 183] [12, 8, 0, 186] [0, 8, 0, 198] [12, 8, 0, 198] [12, 5, 3, 198] [12, 0, 3, 203] [4, 8, 3, 203] [12, 8, 3, 203] [12, 0, 3, 211] [0, 0, 3, 223] [0, 8, 3, 223] [8, 0, 3, 223] [8, 0, 0, 226] [0, 0, 0, 234] [0, 0, 3, 234] [12, 0, 3, 234] [0, 0, 3, 246] [0, 8, 3, 246] [0, 8, 0, 249] [0, 0, 0, 257] [12, 0, 0, 257] [0, 0, 0, 269] [12, 0, 0, 269] [4, 8, 0, 269] [4, 8, 3, 269] [0, 8, 3, 273] [12, 8, 3, 273] [0, 8, 3, 285] [0, 0, 3, 293] [3, 0, 0, 293] [3, 0, 3, 293] [3, 0, 0, 296] [0, 0, 0, 299] [12, 0, 0, 299] [12, 8, 0, 299] [0, 8, 0, 311] [8, 0, 0, 311] [5, 0, 3, 311] [5, 8, 3, 311] [8, 8, 0, 311] [8, 5, 3, 311] [0, 5, 3, 319] [12, 5, 3, 319] [12, 8, 0, 319] [12, 5, 3, 319] [12, 8, 0, 319] [12, 0, 0, 327] [9, 0, 3, 327] [1, 8, 3, 327] 

DepthFirstGraphSearch:	(cost=284.0, expansions=44)	[0, 0, 0, 0] [12, 0, 0, 0] [12, 8, 0, 0] [12, 8, 3, 0] [0, 8, 3, 12] [12, 8, 3, 12] [12, 0, 3, 20] [12, 8, 3, 20] [12, 8, 0, 23] [12, 8, 3, 23] [12, 8, 0, 26] [12, 0, 0, 34] [9, 0, 3, 34] [9, 8, 3, 34] [9, 8, 0, 37] [9, 8, 3, 37] [0, 8, 3, 46] [0, 8, 0, 49] [8, 0, 0, 49] [0, 0, 0, 57] [0, 8, 0, 57] [12, 8, 0, 57] [9, 8, 3, 57] [12, 8, 3, 57] [0, 8, 3, 69] [8, 0, 3, 69] [8, 8, 3, 69] [8, 8, 0, 72] [0, 8, 0, 80] [0, 5, 3, 80] [0, 8, 0, 80] [0, 5, 3, 80] [0, 8, 3, 80] [0, 0, 3, 88] [12, 0, 3, 88] [12, 0, 0, 91] [12, 0, 3, 91] [12, 3, 0, 91] [7, 8, 0, 91] [12, 8, 0, 91] [12, 0, 0, 99] [0, 0, 0, 111] [12, 0, 0, 111] [9, 0, 3, 111] [1, 8, 3, 111] 

UniformCostTreeSearch:	(cost=17.0, expansions=196)	[0, 0, 0, 0] [0, 0, 3, 0] [0, 3, 0, 0] [0, 3, 3, 0] [0, 6, 0, 0] [0, 6, 3, 0] [0, 8, 1, 0] 

UniformCostGraphSearch:	(cost=17.0, expansions=217)	[0, 0, 0, 0] [0, 0, 3, 0] [0, 3, 0, 0] [0, 3, 3, 0] [0, 6, 0, 0] [0, 6, 3, 0] [0, 8, 1, 0] 

IterativeDeepeningTreeSearch:	(cost=23.0, expansions=9)	[0, 0, 0, 0] [12, 0, 0, 0] [4, 8, 0, 0] [1, 8, 3, 0] 

IterativeDeepeningGraphSearch:	(cost=23.0, expansions=3)	[0, 0, 0, 0] [12, 0, 0, 0] [4, 8, 0, 0] [1, 8, 3, 0] 
